# Blender v2.93.1 OBJ File: ''
# www.blender.org
v -0.147656 -1.401522 -0.138622
v -0.109482 -1.373821 -0.126935
v -0.099005 -1.401522 -0.129474
v -0.142923 -1.362631 -0.098897
v -0.104443 -1.363055 -0.098923
v -0.094212 -1.346117 0.033544
v -0.105514 -1.401522 0.068048
v -0.090287 -1.401522 0.029227
v -0.087222 -1.401521 -0.096851
v -0.165379 -1.401521 -0.034241
v -0.185167 -1.401521 -0.088756
v -0.177494 -1.387141 -0.090832
v -0.130550 -1.315175 -0.018552
v -0.105960 -1.332718 -0.005240
v -0.111722 -1.351552 -0.044147
v -0.099837 -1.401521 -0.030082
v -0.142500 -1.401522 0.068325
v -0.159079 -1.401522 0.030578
v -0.145861 -1.348050 0.065080
v -0.108691 -1.344687 0.074848
v -0.145740 -1.373821 -0.129452
v -0.139629 -1.345469 -0.053408
v -0.169059 -1.362942 -0.035831
v -0.160775 -1.346062 0.020918
v -0.112268 -1.279301 0.067071
v -0.095480 -1.280400 0.019654
v -0.154912 -1.277749 0.015114
v -0.127467 -1.275944 -0.017882
v -0.142790 -1.279070 0.050958
v -0.084528 -1.178070 0.037560
v -0.086371 -1.184409 -0.008851
v -0.159285 -1.177559 -0.002319
v -0.122557 -1.179618 -0.032930
v -0.155723 -1.174284 0.041775
v -0.107273 -1.172789 0.072128
v -0.058765 -1.086445 0.030570
v -0.061158 -1.088145 -0.032020
v -0.164012 -1.073633 -0.032330
v -0.115961 -1.083178 -0.066960
v -0.165791 -1.063174 0.026473
v -0.107141 -1.055290 0.065141
v -0.063929 -1.013723 0.024742
v -0.121152 -1.011984 0.040688
v -0.063779 -1.015334 -0.046319
v -0.150273 -1.013251 -0.051396
v -0.109479 -1.015222 -0.084359
v -0.149296 -1.011531 0.012359
v 0.147656 -1.401522 -0.138622
v 0.109482 -1.373821 -0.126935
v 0.099005 -1.401522 -0.129474
v 0.142923 -1.362631 -0.098897
v 0.104443 -1.363055 -0.098923
v 0.094212 -1.346117 0.033544
v 0.105514 -1.401522 0.068048
v 0.090287 -1.401522 0.029227
v 0.087222 -1.401521 -0.096851
v 0.165379 -1.401521 -0.034241
v 0.185167 -1.401521 -0.088756
v 0.177494 -1.387141 -0.090832
v 0.130550 -1.315175 -0.018552
v 0.105960 -1.332718 -0.005240
v 0.111722 -1.351552 -0.044147
v 0.099837 -1.401521 -0.030082
v 0.142500 -1.401522 0.068325
v 0.159079 -1.401522 0.030578
v 0.145861 -1.348050 0.065080
v 0.108691 -1.344687 0.074848
v 0.145740 -1.373821 -0.129452
v 0.139629 -1.345469 -0.053408
v 0.169059 -1.362942 -0.035831
v 0.160775 -1.346062 0.020918
v 0.112268 -1.279301 0.067071
v 0.095480 -1.280400 0.019654
v 0.154912 -1.277749 0.015114
v 0.127467 -1.275944 -0.017882
v 0.142790 -1.279070 0.050958
v 0.084528 -1.178070 0.037560
v 0.086371 -1.184409 -0.008851
v 0.159285 -1.177559 -0.002319
v 0.122557 -1.179618 -0.032930
v 0.155723 -1.174284 0.041775
v 0.107273 -1.172789 0.072128
v 0.058765 -1.086445 0.030570
v 0.061158 -1.088145 -0.032020
v 0.164012 -1.073633 -0.032330
v 0.115961 -1.083178 -0.066960
v 0.165791 -1.063174 0.026473
v 0.107141 -1.055290 0.065141
v 0.063929 -1.013723 0.024742
v 0.121152 -1.011984 0.040688
v 0.063779 -1.015334 -0.046319
v 0.150273 -1.013251 -0.051396
v 0.109479 -1.015222 -0.084359
v 0.149296 -1.011531 0.012359
v -0.026724 -0.987800 0.009529
v -0.039738 -0.983452 -0.073575
v -0.047077 -0.961072 -0.080735
v -0.106183 -0.961046 -0.123919
v -0.161830 -0.953051 -0.077878
v -0.165409 -0.931239 -0.082209
v -0.182736 -0.980463 0.007727
v -0.171932 -0.955455 0.000822
v -0.116207 -0.974380 0.059789
v -0.111940 -0.936448 0.043917
v -0.056805 -0.976897 0.051307
v -0.027241 -0.937095 -0.021844
v -0.045403 -0.864407 -0.092200
v -0.034374 -0.866506 -0.017591
v -0.041070 -0.938367 -0.095983
v -0.100488 -0.924880 -0.138019
v -0.162223 -0.843655 -0.008127
v -0.143390 -0.845599 -0.079868
v -0.109636 -0.854885 0.031939
v -0.061883 -0.861807 0.032418
v -0.006525 -0.687230 -0.075940
v -0.023988 -0.685243 -0.101703
v -0.029840 -0.647600 -0.114875
v -0.066779 -0.648304 -0.130281
v -0.132083 -0.721906 -0.094458
v -0.082568 -0.742362 -0.126801
v -0.123994 -0.645315 -0.108844
v -0.156094 -0.712588 -0.040531
v -0.145949 -0.634160 -0.044901
v -0.133341 -0.723186 0.007153
v -0.078012 -0.650526 0.034831
v -0.119342 -0.637895 0.009251
v -0.097550 -0.740714 0.043271
v -0.031706 -0.655132 0.032764
v -0.000000 -0.585046 -0.136096
v -0.000000 -0.657466 -0.118802
v -0.071515 -0.605150 0.050087
v 0.000000 -0.570099 0.060954
v -0.064542 -0.543433 0.048470
v 0.000000 -0.685454 -0.083384
v -0.111341 -0.574663 -0.100167
v -0.122608 -0.529160 -0.034759
v -0.098096 -0.529160 -0.096506
v -0.018275 -0.674738 -0.000144
v 0.000000 -0.646675 0.032342
v -0.112314 -0.586959 0.016941
v -0.099507 -0.526630 0.017401
v -0.046937 -0.585808 -0.126424
v 0.000000 -0.513996 0.037428
v -0.048023 -0.498179 0.027472
v -0.092596 -0.492981 0.015388
v -0.116255 -0.494478 -0.039330
v -0.098321 -0.494478 -0.085381
v -0.050675 -0.509318 -0.120675
v -0.000000 -0.518948 -0.128725
v -0.259817 -0.676324 0.045733
v -0.241935 -0.670348 0.036760
v -0.249032 -0.642370 0.049270
v -0.230353 -0.629322 -0.038251
v -0.230382 -0.605446 -0.010255
v -0.220077 -0.637426 -0.018986
v -0.274405 -0.635270 -0.023966
v -0.270129 -0.604715 -0.013986
v -0.250259 -0.632922 -0.039710
v -0.278408 -0.637227 0.008335
v -0.242454 -0.610797 0.042299
v -0.232045 -0.609147 0.027325
v -0.273942 -0.607899 0.014280
v -0.268763 -0.641164 0.041858
v -0.264453 -0.609789 0.035418
v -0.202863 -0.507571 0.075959
v -0.186655 -0.490436 0.020095
v -0.206303 -0.484064 -0.012899
v -0.247088 -0.603626 -0.019003
v -0.249808 -0.472866 -0.010819
v -0.268930 -0.491774 0.033666
v -0.234957 -0.489329 0.071455
v -0.145433 -0.231467 -0.034839
v -0.185022 -0.253152 -0.013439
v -0.180888 -0.198604 -0.028051
v -0.107081 -0.144825 -0.039880
v -0.138688 -0.169289 -0.029671
v -0.126602 -0.128674 -0.001779
v -0.152126 -0.276286 0.086821
v -0.148957 -0.243796 0.107223
v -0.185959 -0.265880 0.086149
v -0.201991 -0.209646 0.010546
v -0.206259 -0.262936 0.017801
v -0.086408 -0.111546 -0.002599
v -0.128931 -0.121425 0.056020
v -0.208165 -0.242236 0.059460
v -0.204892 -0.184062 0.056618
v -0.172864 -0.144909 0.003375
v -0.118660 -0.204833 -0.058837
v -0.159741 -0.260985 -0.015387
v -0.147921 -0.271423 0.003405
v -0.166282 -0.314723 -0.010732
v -0.144297 -0.283638 0.064983
v -0.148289 -0.319792 0.040846
v -0.162318 -0.134686 0.062255
v -0.112641 -0.247846 -0.075639
v -0.056733 -0.339682 -0.086403
v -0.108454 -0.329553 -0.063251
v -0.062865 -0.313257 -0.090668
v -0.042029 -0.105142 -0.017589
v -0.057464 -0.092592 0.025794
v -0.103054 -0.344411 0.080212
v -0.052422 -0.402646 0.045947
v -0.053723 -0.326885 0.105501
v -0.120038 -0.343768 -0.015446
v -0.114931 -0.380170 -0.017740
v -0.129978 -0.343734 0.033849
v -0.067393 -0.159842 0.120532
v -0.119887 -0.150241 0.103477
v -0.110661 -0.215582 0.120114
v -0.071044 -0.195168 -0.083050
v -0.063791 -0.237525 0.123881
v -0.107299 -0.291644 0.114224
v -0.108914 -0.277701 -0.063593
v -0.130275 -0.296093 0.006139
v -0.100035 -0.398164 0.029398
v -0.132743 -0.309613 0.078041
v -0.086583 -0.104921 0.037555
v -0.066452 -0.108983 0.089963
v 0.000000 -0.243737 -0.101423
v -0.067164 -0.269596 -0.088720
v -0.069052 -0.249292 -0.097238
v 0.000000 -0.321719 -0.092447
v 0.000000 -0.262661 -0.093756
v 0.000000 -0.394081 0.066014
v 0.000000 -0.286294 0.102408
v 0.000006 -0.179808 0.113651
v 0.000000 -0.112797 0.085248
v -0.029501 -0.086712 0.065014
v 0.000000 -0.087201 0.070033
v -0.000000 -0.466341 -0.125395
v -0.048865 -0.460795 -0.112847
v -0.092873 -0.444417 -0.079416
v -0.106834 -0.450686 -0.029570
v -0.092779 -0.456722 0.013375
v -0.052849 -0.459482 0.035387
v 0.000000 -0.461237 0.042569
v 0.000000 -0.192613 -0.088246
v -0.065287 -0.153677 -0.065973
v -0.000001 -0.152868 -0.070429
v 0.000000 -0.368734 -0.102414
v -0.046520 -0.402186 -0.101992
v -0.092625 -0.380826 -0.060845
v 0.000000 -0.414401 -0.112261
v -0.129065 -0.270854 -0.040709
v 0.000000 -0.114454 -0.039614
v 0.000000 -0.094898 -0.030224
v -0.032866 -0.083701 -0.011154
v -0.050160 -0.072708 0.023203
v -0.138480 -0.291121 0.073771
v -0.128808 -0.268829 0.106894
v -0.148102 -0.183481 0.108935
v -0.220300 -0.322952 0.012233
v -0.225877 -0.286172 0.054660
v -0.166756 -0.336091 0.097632
v -0.162360 -0.368348 0.040160
v -0.176875 -0.194628 0.098086
v 0.000000 -0.049602 0.063826
v -0.031568 -0.054661 0.052576
v -0.228137 -0.403104 0.011091
v -0.233805 -0.368724 0.041932
v -0.212916 -0.361519 -0.007720
v -0.209770 -0.324687 0.086617
v -0.235596 -0.329177 0.054724
v -0.193198 -0.388401 0.079309
v -0.173955 -0.394410 0.062424
v -0.180131 -0.368868 -0.006511
v -0.180486 -0.411674 0.021850
v -0.197851 -0.412368 0.006261
v -0.197585 -0.306365 -0.016717
v -0.217304 -0.381703 0.073041
v -0.219111 -0.409338 0.073870
v -0.203242 -0.412104 0.081919
v -0.182862 -0.411891 0.065733
v -0.239807 -0.404285 0.040703
v -0.203623 -0.443087 0.005469
v -0.239981 -0.430158 0.008562
v -0.188203 -0.439510 0.063313
v -0.187637 -0.452869 0.021263
v -0.245942 -0.428898 0.037946
v -0.206354 -0.436625 0.073728
v -0.226971 -0.428959 0.066512
v -0.021170 -0.763157 -0.027167
v -0.031681 -0.759701 -0.090471
v 0.000000 -0.612473 0.054700
v -0.134707 -0.574663 -0.038730
v 0.000000 0.035242 -0.102152
v -0.008209 0.019122 -0.097472
v -0.015924 0.032272 -0.099681
v -0.032912 0.094193 -0.073913
v 0.000000 0.123927 -0.034779
v 0.000000 0.100896 -0.084834
v 0.000000 -0.079658 -0.049042
v -0.017655 -0.062127 -0.026429
v -0.028623 -0.071169 -0.054789
v 0.000000 0.034333 0.080867
v -0.033063 -0.020601 0.056158
v -0.000521 -0.020249 0.068334
v -0.039370 0.112110 -0.038606
v 0.000000 0.124514 0.032041
v -0.045552 0.112419 0.016648
v 0.000000 0.090132 0.065147
v -0.069369 0.053720 -0.033446
v -0.074189 0.046232 0.029654
v -0.069443 0.083414 0.003118
v -0.054430 0.082336 -0.059184
v -0.054734 0.055959 -0.070285
v -0.054530 0.000404 -0.067369
v -0.037004 -0.032650 -0.076288
v -0.052447 -0.029544 -0.053623
v -0.061664 -0.002079 -0.052259
v -0.059825 -0.023764 -0.019699
v -0.036180 -0.008373 -0.084565
v -0.019370 0.009758 -0.085638
v -0.010202 0.002923 -0.090855
v -0.049130 0.015260 -0.072157
v -0.034725 0.010603 -0.078345
v 0.000000 0.020018 -0.099403
v -0.000000 -0.029783 -0.115276
v -0.014727 -0.028350 -0.093536
v -0.007702 -0.025396 -0.112907
v -0.035370 0.021616 -0.081314
v -0.041858 0.031987 -0.087861
v -0.006681 -0.015017 -0.108280
v -0.011569 -0.017055 -0.093598
v -0.010114 -0.054394 -0.089083
v -0.027743 -0.048108 -0.082186
v -0.011538 -0.044329 -0.092773
v 0.000000 -0.085492 -0.074855
v -0.018133 -0.073505 -0.079480
v -0.036878 0.062564 -0.091048
v 0.000000 0.071046 -0.100521
v -0.060589 0.017455 -0.060134
v -0.054776 0.031498 -0.071968
v -0.052627 -0.039670 -0.020079
v -0.040626 -0.049705 -0.060404
v -0.042608 -0.057736 -0.027559
v -0.064664 -0.002331 0.027222
v -0.047899 -0.031949 0.023193
v -0.065196 0.040244 -0.048823
v -0.067161 0.028059 -0.033489
v -0.009146 -0.058179 -0.086518
v -0.004916 0.002342 -0.104215
v 0.000000 0.002105 -0.107043
v -0.015321 0.018027 -0.089404
v -0.000000 -0.022753 -0.117846
v -0.038218 -0.047943 -0.006763
v -0.063331 -0.006891 -0.004657
v -0.070326 -0.023705 -0.012812
v -0.067254 0.026919 -0.011827
v -0.081072 0.031155 -0.018374
v -0.062970 0.006166 -0.026037
v -0.085768 0.019208 -0.002395
v -0.076553 -0.006781 -0.006781
v -0.052503 0.079844 0.054580
v -0.067608 0.014300 -0.016014
v -0.046965 0.031788 0.068042
v 0.000000 -0.072024 -0.027940
v 0.000000 -0.078112 -0.086105
v -0.120384 -1.012424 0.042103
v -0.060658 -1.015249 0.033831
v -0.158233 -1.014094 0.014589
v -0.153524 -1.012815 -0.049875
v -0.170803 -0.979405 -0.069471
v -0.110679 -1.017495 -0.085359
v -0.110106 -0.992127 -0.124490
v -0.059703 -1.018548 -0.054315
v -0.057568 -0.939807 0.044721
v -0.027006 -0.960074 -0.007627
v -0.181114 -0.934586 0.002139
v -0.097334 -0.854181 -0.124692
v -0.044740 -0.756814 0.038874
v -0.254842 -0.700330 0.017870
v -0.248737 -0.701703 0.037714
v -0.242381 -0.765607 0.026682
v -0.234864 -0.756914 0.014341
v -0.233563 -0.756609 0.027321
v -0.276267 -0.680146 -0.042095
v -0.248633 -0.694718 -0.038988
v -0.273255 -0.695558 -0.042875
v -0.279158 -0.698077 -0.024162
v -0.279958 -0.682110 -0.020131
v -0.214803 -0.728118 -0.041203
v -0.217914 -0.719734 -0.026316
v -0.226450 -0.720240 -0.036603
v -0.224712 -0.673470 -0.016494
v -0.205991 -0.677072 -0.027489
v -0.249129 -0.774782 -0.031746
v -0.240262 -0.765500 -0.042230
v -0.240546 -0.765323 -0.030223
v -0.257616 -0.698747 -0.000609
v -0.241662 -0.677471 -0.034643
v -0.218250 -0.676472 -0.048285
v -0.244967 -0.668420 -0.016767
v -0.255158 -0.696760 -0.021915
v -0.228693 -0.700761 -0.035405
v -0.217403 -0.697039 -0.021908
v -0.275270 -0.693407 0.039896
v -0.275200 -0.704327 0.038350
v -0.239507 -0.774265 -0.023011
v -0.250646 -0.784733 -0.010358
v -0.248384 -0.784211 -0.027563
v -0.279491 -0.687079 0.013840
v -0.227931 -0.641003 0.015392
v -0.279149 -0.702923 0.018037
v -0.281910 -0.700763 -0.002515
v -0.234071 -0.762999 -0.001542
v -0.242747 -0.772516 0.008898
v -0.242530 -0.772853 -0.005536
v -0.203293 -0.700343 -0.030478
v -0.213440 -0.700356 -0.045677
v 0.000000 -0.015835 -0.112024
v 0.000000 -0.062050 -0.090035
v 0.000000 -0.031301 -0.099242
v 0.000000 -0.046232 -0.097542
v 0.000000 -0.056630 -0.094289
v -0.269833 -0.726858 0.018811
v -0.265743 -0.726535 0.035203
v -0.248891 -0.721090 0.033997
v -0.253076 -0.721422 0.018564
v -0.268709 -0.728325 -0.028369
v -0.252085 -0.724757 -0.026760
v -0.251852 -0.724941 -0.039850
v -0.265502 -0.726994 -0.042787
v -0.253384 -0.726591 -0.005409
v -0.252071 -0.726855 -0.022341
v -0.273537 -0.731097 -0.006891
v -0.270584 -0.730639 -0.024116
v -0.252101 -0.724097 0.013996
v -0.252196 -0.724160 -0.000796
v -0.268815 -0.730057 0.012362
v -0.268734 -0.730422 -0.002072
v -0.257288 -0.748195 0.030139
v -0.258630 -0.748516 0.016213
v -0.240683 -0.742272 0.029134
v -0.242122 -0.742602 0.016167
v -0.262124 -0.752499 -0.029556
v -0.245423 -0.749058 -0.029294
v -0.259181 -0.751189 -0.043975
v -0.245220 -0.749242 -0.041303
v -0.246346 -0.752521 -0.007793
v -0.245170 -0.752796 -0.022711
v -0.266276 -0.756882 -0.008201
v -0.263593 -0.756447 -0.025426
v -0.241197 -0.747447 0.011953
v -0.241282 -0.747513 -0.001673
v -0.257649 -0.753931 0.010941
v -0.257568 -0.754296 -0.003493
v -0.243593 -0.765905 0.012744
v -0.246723 -0.773378 -0.046143
v -0.240602 -0.774031 -0.009464
v -0.234136 -0.762957 0.010036
v -0.206418 -0.727596 -0.030674
v 0.026724 -0.987800 0.009529
v 0.039738 -0.983452 -0.073575
v 0.047077 -0.961072 -0.080735
v 0.106183 -0.961046 -0.123919
v 0.161830 -0.953051 -0.077878
v 0.165409 -0.931239 -0.082209
v 0.182736 -0.980463 0.007727
v 0.171932 -0.955455 0.000822
v 0.116207 -0.974380 0.059789
v 0.111940 -0.936448 0.043917
v 0.056805 -0.976897 0.051307
v 0.027241 -0.937095 -0.021844
v 0.045403 -0.864407 -0.092200
v 0.034374 -0.866506 -0.017591
v 0.041070 -0.938367 -0.095983
v 0.100488 -0.924880 -0.138019
v 0.162223 -0.843655 -0.008127
v 0.143390 -0.845599 -0.079868
v 0.109636 -0.854885 0.031939
v 0.061883 -0.861807 0.032418
v 0.006525 -0.687230 -0.075940
v 0.023988 -0.685243 -0.101703
v 0.029840 -0.647600 -0.114875
v 0.066779 -0.648304 -0.130281
v 0.132083 -0.721906 -0.094458
v 0.082568 -0.742362 -0.126801
v 0.123994 -0.645315 -0.108844
v 0.156094 -0.712588 -0.040531
v 0.145949 -0.634160 -0.044901
v 0.133341 -0.723186 0.007153
v 0.078012 -0.650526 0.034831
v 0.119342 -0.637895 0.009251
v 0.097550 -0.740714 0.043271
v 0.031706 -0.655132 0.032764
v -0.000000 -0.585046 -0.136096
v -0.000000 -0.657466 -0.118802
v 0.071515 -0.605150 0.050087
v 0.000000 -0.570099 0.060954
v 0.064542 -0.543433 0.048470
v 0.000000 -0.685454 -0.083384
v 0.111341 -0.574663 -0.100167
v 0.122608 -0.529160 -0.034759
v 0.098096 -0.529160 -0.096506
v 0.018275 -0.674738 -0.000144
v 0.000000 -0.646675 0.032342
v 0.112314 -0.586959 0.016941
v 0.099507 -0.526630 0.017401
v 0.046937 -0.585808 -0.126424
v 0.000000 -0.513996 0.037428
v 0.048023 -0.498179 0.027472
v 0.092596 -0.492981 0.015388
v 0.116255 -0.494478 -0.039330
v 0.098321 -0.494478 -0.085381
v 0.050675 -0.509318 -0.120675
v -0.000000 -0.518948 -0.128725
v 0.259817 -0.676324 0.045733
v 0.241935 -0.670348 0.036760
v 0.249032 -0.642370 0.049270
v 0.230353 -0.629322 -0.038251
v 0.230382 -0.605446 -0.010255
v 0.220077 -0.637426 -0.018986
v 0.274405 -0.635270 -0.023966
v 0.270129 -0.604715 -0.013986
v 0.250259 -0.632922 -0.039710
v 0.278408 -0.637227 0.008335
v 0.242454 -0.610797 0.042299
v 0.232045 -0.609147 0.027325
v 0.273942 -0.607899 0.014280
v 0.268763 -0.641164 0.041858
v 0.264453 -0.609789 0.035418
v 0.202863 -0.507571 0.075959
v 0.186655 -0.490436 0.020095
v 0.206303 -0.484064 -0.012899
v 0.247088 -0.603626 -0.019003
v 0.249808 -0.472866 -0.010819
v 0.268930 -0.491774 0.033666
v 0.234957 -0.489329 0.071455
v 0.145433 -0.231467 -0.034839
v 0.185022 -0.253152 -0.013439
v 0.180888 -0.198604 -0.028051
v 0.107081 -0.144825 -0.039880
v 0.138688 -0.169289 -0.029671
v 0.126602 -0.128674 -0.001779
v 0.152126 -0.276286 0.086821
v 0.148957 -0.243796 0.107223
v 0.185959 -0.265880 0.086149
v 0.201991 -0.209646 0.010546
v 0.206259 -0.262936 0.017801
v 0.086408 -0.111546 -0.002599
v 0.128931 -0.121425 0.056020
v 0.208165 -0.242236 0.059460
v 0.204892 -0.184062 0.056618
v 0.172864 -0.144909 0.003375
v 0.118660 -0.204833 -0.058837
v 0.159741 -0.260985 -0.015387
v 0.147921 -0.271423 0.003405
v 0.166282 -0.314723 -0.010732
v 0.144297 -0.283638 0.064983
v 0.148289 -0.319792 0.040846
v 0.162318 -0.134686 0.062255
v 0.112641 -0.247846 -0.075639
v 0.056733 -0.339682 -0.086403
v 0.108454 -0.329553 -0.063251
v 0.062865 -0.313257 -0.090668
v 0.042029 -0.105142 -0.017589
v 0.057464 -0.092592 0.025794
v 0.103054 -0.344411 0.080212
v 0.052422 -0.402646 0.045947
v 0.053723 -0.326885 0.105501
v 0.120038 -0.343768 -0.015446
v 0.114931 -0.380170 -0.017740
v 0.129978 -0.343734 0.033849
v 0.067393 -0.159842 0.120532
v 0.119887 -0.150241 0.103477
v 0.110661 -0.215582 0.120114
v 0.071044 -0.195168 -0.083050
v 0.063791 -0.237525 0.123881
v 0.107299 -0.291644 0.114224
v 0.108914 -0.277701 -0.063593
v 0.130275 -0.296093 0.006139
v 0.100035 -0.398164 0.029398
v 0.132743 -0.309613 0.078041
v 0.086583 -0.104921 0.037555
v 0.066452 -0.108983 0.089963
v 0.000000 -0.243737 -0.101423
v 0.067164 -0.269596 -0.088720
v 0.069052 -0.249292 -0.097238
v 0.000000 -0.321719 -0.092447
v 0.000000 -0.262661 -0.093756
v 0.000000 -0.394081 0.066014
v 0.000000 -0.286294 0.102408
v -0.000006 -0.179808 0.113651
v 0.000000 -0.112797 0.085248
v 0.029501 -0.086712 0.065014
v 0.000000 -0.087201 0.070033
v -0.000000 -0.466341 -0.125395
v 0.048865 -0.460795 -0.112847
v 0.092873 -0.444417 -0.079416
v 0.106834 -0.450686 -0.029570
v 0.092779 -0.456722 0.013375
v 0.052849 -0.459482 0.035387
v 0.000000 -0.461237 0.042569
v 0.000000 -0.192613 -0.088246
v 0.065287 -0.153677 -0.065973
v 0.000001 -0.152868 -0.070429
v 0.000000 -0.368734 -0.102414
v 0.046520 -0.402186 -0.101992
v 0.092625 -0.380826 -0.060845
v 0.000000 -0.414401 -0.112261
v 0.129065 -0.270854 -0.040709
v 0.000000 -0.114454 -0.039614
v 0.000000 -0.094898 -0.030224
v 0.032866 -0.083701 -0.011154
v 0.050160 -0.072708 0.023203
v 0.138480 -0.291121 0.073771
v 0.128808 -0.268829 0.106894
v 0.148102 -0.183481 0.108935
v 0.220300 -0.322952 0.012233
v 0.225877 -0.286172 0.054660
v 0.166756 -0.336091 0.097632
v 0.162360 -0.368348 0.040160
v 0.176875 -0.194628 0.098086
v 0.000000 -0.049602 0.063826
v 0.031568 -0.054661 0.052576
v 0.228137 -0.403104 0.011091
v 0.233805 -0.368724 0.041932
v 0.212916 -0.361519 -0.007720
v 0.209770 -0.324687 0.086617
v 0.235596 -0.329177 0.054724
v 0.193198 -0.388401 0.079309
v 0.173955 -0.394410 0.062424
v 0.180131 -0.368868 -0.006511
v 0.180486 -0.411674 0.021850
v 0.197851 -0.412368 0.006261
v 0.197585 -0.306365 -0.016717
v 0.217304 -0.381703 0.073041
v 0.219111 -0.409338 0.073870
v 0.203242 -0.412104 0.081919
v 0.182862 -0.411891 0.065733
v 0.239807 -0.404285 0.040703
v 0.203623 -0.443087 0.005469
v 0.239981 -0.430158 0.008562
v 0.188203 -0.439510 0.063313
v 0.187637 -0.452869 0.021263
v 0.245942 -0.428898 0.037946
v 0.206354 -0.436625 0.073728
v 0.226971 -0.428959 0.066512
v 0.021170 -0.763157 -0.027167
v 0.031681 -0.759701 -0.090471
v 0.000000 -0.612473 0.054700
v 0.134707 -0.574663 -0.038730
v 0.000000 0.035242 -0.102152
v 0.008209 0.019122 -0.097472
v 0.015924 0.032272 -0.099681
v 0.032912 0.094193 -0.073913
v 0.000000 0.123927 -0.034779
v 0.000000 0.100896 -0.084834
v 0.000000 -0.079658 -0.049042
v 0.017655 -0.062127 -0.026429
v 0.028623 -0.071169 -0.054789
v 0.000000 0.034333 0.080867
v 0.033063 -0.020601 0.056158
v 0.000521 -0.020249 0.068334
v 0.039370 0.112110 -0.038606
v 0.000000 0.124514 0.032041
v 0.045552 0.112419 0.016648
v 0.000000 0.090132 0.065147
v 0.069369 0.053720 -0.033446
v 0.074189 0.046232 0.029654
v 0.069443 0.083414 0.003118
v 0.054430 0.082336 -0.059184
v 0.054734 0.055959 -0.070285
v 0.054530 0.000404 -0.067369
v 0.037004 -0.032650 -0.076288
v 0.052447 -0.029544 -0.053623
v 0.061664 -0.002079 -0.052259
v 0.059825 -0.023764 -0.019699
v 0.036180 -0.008373 -0.084565
v 0.019370 0.009758 -0.085638
v 0.010202 0.002923 -0.090855
v 0.049130 0.015260 -0.072157
v 0.034725 0.010603 -0.078345
v 0.000000 0.020018 -0.099403
v -0.000000 -0.029783 -0.115276
v 0.014727 -0.028350 -0.093536
v 0.007702 -0.025396 -0.112907
v 0.035370 0.021616 -0.081314
v 0.041858 0.031987 -0.087861
v 0.006681 -0.015017 -0.108280
v 0.011569 -0.017055 -0.093598
v 0.010114 -0.054394 -0.089083
v 0.027743 -0.048108 -0.082186
v 0.011538 -0.044329 -0.092773
v 0.000000 -0.085492 -0.074855
v 0.018133 -0.073505 -0.079480
v 0.036878 0.062564 -0.091048
v 0.000000 0.071046 -0.100521
v 0.060589 0.017455 -0.060134
v 0.054776 0.031498 -0.071968
v 0.052627 -0.039670 -0.020079
v 0.040626 -0.049705 -0.060404
v 0.042608 -0.057736 -0.027559
v 0.064664 -0.002331 0.027222
v 0.047899 -0.031949 0.023193
v 0.065196 0.040244 -0.048823
v 0.067161 0.028059 -0.033489
v 0.009146 -0.058179 -0.086518
v 0.004916 0.002342 -0.104215
v 0.000000 0.002105 -0.107043
v 0.015321 0.018027 -0.089404
v -0.000000 -0.022753 -0.117846
v 0.038218 -0.047943 -0.006763
v 0.063331 -0.006891 -0.004657
v 0.070326 -0.023705 -0.012812
v 0.067254 0.026919 -0.011827
v 0.081072 0.031155 -0.018374
v 0.062970 0.006166 -0.026037
v 0.085768 0.019208 -0.002395
v 0.076553 -0.006781 -0.006781
v 0.052503 0.079844 0.054580
v 0.067608 0.014300 -0.016014
v 0.046965 0.031788 0.068042
v 0.000000 -0.072024 -0.027940
v 0.000000 -0.078112 -0.086105
v 0.120384 -1.012424 0.042103
v 0.060658 -1.015249 0.033831
v 0.158233 -1.014094 0.014589
v 0.153524 -1.012815 -0.049875
v 0.170803 -0.979405 -0.069471
v 0.110679 -1.017495 -0.085359
v 0.110106 -0.992127 -0.124490
v 0.059703 -1.018548 -0.054315
v 0.057568 -0.939807 0.044721
v 0.027006 -0.960074 -0.007627
v 0.181114 -0.934586 0.002139
v 0.097334 -0.854181 -0.124692
v 0.044740 -0.756814 0.038874
v 0.254842 -0.700330 0.017870
v 0.248737 -0.701703 0.037714
v 0.242381 -0.765607 0.026682
v 0.234864 -0.756914 0.014341
v 0.233563 -0.756609 0.027321
v 0.276267 -0.680146 -0.042095
v 0.248633 -0.694718 -0.038988
v 0.273255 -0.695558 -0.042875
v 0.279158 -0.698077 -0.024162
v 0.279958 -0.682110 -0.020131
v 0.214803 -0.728118 -0.041203
v 0.217914 -0.719734 -0.026316
v 0.226450 -0.720240 -0.036603
v 0.224712 -0.673470 -0.016494
v 0.205991 -0.677072 -0.027489
v 0.249129 -0.774782 -0.031746
v 0.240262 -0.765500 -0.042230
v 0.240546 -0.765323 -0.030223
v 0.257616 -0.698747 -0.000609
v 0.241662 -0.677471 -0.034643
v 0.218250 -0.676472 -0.048285
v 0.244967 -0.668420 -0.016767
v 0.255158 -0.696760 -0.021915
v 0.228693 -0.700761 -0.035405
v 0.217403 -0.697039 -0.021908
v 0.275270 -0.693407 0.039896
v 0.275200 -0.704327 0.038350
v 0.239507 -0.774265 -0.023011
v 0.250646 -0.784733 -0.010358
v 0.248384 -0.784211 -0.027563
v 0.279491 -0.687079 0.013840
v 0.227931 -0.641003 0.015392
v 0.279149 -0.702923 0.018037
v 0.281910 -0.700763 -0.002515
v 0.234071 -0.762999 -0.001542
v 0.242747 -0.772516 0.008898
v 0.242530 -0.772853 -0.005536
v 0.203293 -0.700343 -0.030478
v 0.213440 -0.700356 -0.045677
v 0.000000 -0.015835 -0.112024
v 0.000000 -0.062050 -0.090035
v 0.000000 -0.031301 -0.099242
v 0.000000 -0.046232 -0.097542
v 0.000000 -0.056630 -0.094289
v 0.269833 -0.726858 0.018811
v 0.265743 -0.726535 0.035203
v 0.248891 -0.721090 0.033997
v 0.253076 -0.721422 0.018564
v 0.268709 -0.728325 -0.028369
v 0.252085 -0.724757 -0.026760
v 0.251852 -0.724941 -0.039850
v 0.265502 -0.726994 -0.042787
v 0.253384 -0.726591 -0.005409
v 0.252071 -0.726855 -0.022341
v 0.273537 -0.731097 -0.006891
v 0.270584 -0.730639 -0.024116
v 0.252101 -0.724097 0.013996
v 0.252196 -0.724160 -0.000796
v 0.268815 -0.730057 0.012362
v 0.268734 -0.730422 -0.002072
v 0.257288 -0.748195 0.030139
v 0.258630 -0.748516 0.016213
v 0.240683 -0.742272 0.029134
v 0.242122 -0.742602 0.016167
v 0.262124 -0.752499 -0.029556
v 0.245423 -0.749058 -0.029294
v 0.259181 -0.751189 -0.043975
v 0.245220 -0.749242 -0.041303
v 0.246346 -0.752521 -0.007793
v 0.245170 -0.752796 -0.022711
v 0.266276 -0.756882 -0.008201
v 0.263593 -0.756447 -0.025426
v 0.241197 -0.747447 0.011953
v 0.241282 -0.747513 -0.001673
v 0.257649 -0.753931 0.010941
v 0.257568 -0.754296 -0.003493
v 0.243593 -0.765905 0.012744
v 0.246723 -0.773378 -0.046143
v 0.240602 -0.774031 -0.009464
v 0.234136 -0.762957 0.010036
v 0.206418 -0.727596 -0.030674
s off
f 1 2 3
f 2 4 5
f 6 7 8
f 9 10 11
f 10 12 11
f 9 2 5
f 13 14 15
f 16 17 18
f 19 18 17
f 20 17 7
f 1 12 21
f 12 4 21
f 6 16 14
f 8 17 16
f 15 22 13
f 16 10 9
f 23 18 24
f 23 13 22
f 15 14 16
f 13 23 24
f 16 9 5
f 8 16 6
f 16 5 15
f 5 22 15
f 6 25 20
f 6 14 26
f 13 26 14
f 13 27 28
f 24 29 27
f 19 25 29
f 30 26 31
f 28 31 26
f 28 32 33
f 27 34 32
f 29 35 34
f 36 31 37
f 33 37 31
f 33 38 39
f 32 40 38
f 34 41 40
f 41 42 43
f 37 42 36
f 39 44 37
f 39 45 46
f 38 47 45
f 40 43 47
f 6 20 7
f 24 18 19
f 41 36 42
f 22 12 23
f 5 4 22
f 35 30 36
f 25 30 35
f 25 26 30
f 35 36 41
f 48 49 50
f 49 51 52
f 53 54 55
f 56 57 58
f 57 59 58
f 56 49 52
f 60 61 62
f 63 64 65
f 66 65 64
f 67 64 54
f 48 59 68
f 59 51 68
f 53 63 61
f 55 64 63
f 62 69 60
f 63 57 56
f 70 65 71
f 70 60 69
f 62 61 63
f 60 70 71
f 63 56 52
f 55 63 53
f 63 52 62
f 52 69 62
f 53 72 67
f 53 61 73
f 60 73 61
f 60 74 75
f 71 76 74
f 66 72 76
f 77 73 78
f 75 78 73
f 75 79 80
f 74 81 79
f 76 82 81
f 83 78 84
f 80 84 78
f 80 85 86
f 79 87 85
f 81 88 87
f 88 89 90
f 84 89 83
f 86 91 84
f 86 92 93
f 85 94 92
f 87 90 94
f 53 67 54
f 71 65 66
f 88 83 89
f 69 59 70
f 52 51 69
f 82 77 83
f 72 77 82
f 72 73 77
f 82 83 88
f 95 96 97
f 98 99 100
f 99 101 102
f 102 103 104
f 105 104 103
f 106 107 108
f 109 98 110
f 98 100 110
f 100 111 112
f 111 104 113
f 104 114 113
f 115 116 117
f 116 118 117
f 119 118 120
f 121 122 123
f 124 125 126
f 127 128 125
f 117 129 130
f 131 132 133
f 134 117 130
f 135 136 137
f 138 134 139
f 136 140 141
f 142 135 137
f 143 133 132
f 141 144 145
f 146 141 145
f 136 147 137
f 148 137 147
f 142 149 129
f 150 151 152
f 153 154 155
f 156 157 158
f 156 159 157
f 160 152 161
f 162 163 164
f 165 161 166
f 166 154 167
f 167 168 169
f 169 157 170
f 171 170 164
f 165 171 160
f 172 173 174
f 175 176 177
f 178 179 180
f 181 173 182
f 183 177 184
f 185 181 182
f 186 187 181
f 176 187 177
f 176 188 172
f 189 172 190
f 189 190 191
f 192 178 193
f 174 181 187
f 174 187 176
f 194 187 186
f 177 187 194
f 195 172 188
f 173 172 189
f 196 197 198
f 199 183 200
f 201 202 203
f 204 205 206
f 207 208 209
f 210 195 188
f 211 209 212
f 198 197 213
f 204 206 214
f 203 212 201
f 206 215 201
f 216 206 201
f 200 217 218
f 219 220 221
f 222 198 223
f 222 196 198
f 203 224 225
f 226 211 225
f 226 207 211
f 227 218 226
f 228 227 229
f 148 230 149
f 147 231 148
f 146 232 147
f 233 145 234
f 235 145 144
f 236 144 143
f 219 210 237
f 223 198 220
f 198 213 220
f 220 195 221
f 238 188 175
f 237 238 239
f 240 196 222
f 241 242 196
f 240 241 196
f 243 241 240
f 223 220 219
f 202 236 224
f 202 234 235
f 215 233 234
f 233 242 232
f 232 241 231
f 231 243 230
f 213 214 244
f 197 204 214
f 242 204 197
f 238 245 239
f 199 175 183
f 199 246 245
f 200 247 199
f 228 248 200
f 190 192 193
f 249 178 192
f 250 179 178
f 251 209 208
f 213 244 195
f 190 172 244
f 176 172 174
f 190 249 192
f 209 179 250
f 200 183 217
f 182 252 253
f 191 190 193
f 178 180 254
f 185 182 253
f 193 254 255
f 250 249 216
f 212 250 216
f 201 212 216
f 249 214 216
f 197 214 213
f 238 175 199
f 256 186 185
f 184 177 194
f 179 251 256
f 212 209 250
f 218 184 208
f 194 256 251
f 228 200 218
f 228 257 258
f 226 218 207
f 214 190 244
f 190 214 249
f 256 194 186
f 208 184 194
f 259 260 261
f 262 253 263
f 254 262 264
f 255 254 265
f 266 267 268
f 218 208 207
f 207 209 211
f 186 181 185
f 175 177 183
f 175 188 176
f 154 161 155
f 163 152 164
f 253 252 263
f 252 269 261
f 191 255 266
f 160 161 165
f 157 162 170
f 161 154 166
f 154 168 167
f 270 260 271
f 264 272 273
f 267 265 273
f 263 252 260
f 262 263 270
f 180 185 253
f 260 259 274
f 259 275 276
f 267 275 268
f 273 272 277
f 271 260 274
f 267 277 278
f 170 279 169
f 169 275 167
f 278 167 275
f 272 280 277
f 279 171 281
f 277 166 278
f 191 193 255
f 266 255 267
f 168 157 169
f 264 270 272
f 272 270 271
f 271 280 272
f 281 171 280
f 280 171 165
f 277 280 165
f 281 280 271
f 274 276 279
f 274 281 271
f 191 269 189
f 269 266 261
f 259 261 268
f 189 269 173
f 268 261 266
f 252 182 269
f 225 211 203
f 259 268 275
f 274 259 276
f 180 179 256
f 254 180 262
f 180 256 185
f 253 262 180
f 164 152 160
f 169 276 275
f 270 263 260
f 174 173 181
f 267 255 265
f 265 254 264
f 273 265 264
f 160 171 164
f 214 206 216
f 282 283 115
f 133 140 131
f 131 284 132
f 115 283 116
f 120 116 283
f 142 117 118
f 126 122 124
f 118 121 135
f 123 135 121
f 126 285 123
f 126 131 140
f 125 128 131
f 128 139 284
f 128 284 131
f 286 287 288
f 289 290 291
f 292 293 294
f 295 296 297
f 290 298 299
f 300 301 299
f 302 303 304
f 305 306 302
f 307 308 309
f 310 309 311
f 312 313 314
f 307 315 316
f 317 287 286
f 318 319 320
f 288 321 322
f 321 313 316
f 323 320 324
f 314 324 312
f 325 326 327
f 328 294 329
f 330 331 288
f 315 332 333
f 307 310 332
f 322 330 288
f 289 330 305
f 298 289 305
f 307 332 315
f 334 335 336
f 337 311 338
f 309 308 335
f 333 339 306
f 339 332 340
f 312 307 316
f 310 307 309
f 329 335 326
f 326 341 329
f 334 309 335
f 333 322 315
f 306 322 333
f 342 314 287
f 317 343 287
f 313 344 314
f 318 320 345
f 320 319 324
f 324 319 308
f 331 286 288
f 341 326 325
f 338 311 346
f 347 348 311
f 349 340 350
f 351 310 311
f 352 349 350
f 353 347 352
f 349 337 303
f 354 295 301
f 351 353 355
f 352 347 349
f 354 304 303
f 356 354 303
f 296 356 337
f 300 298 304
f 354 300 304
f 346 334 336
f 346 311 334
f 331 289 291
f 316 315 321
f 338 296 337
f 305 302 304
f 351 348 353
f 324 308 312
f 326 308 319
f 294 336 335
f 292 294 328
f 357 293 292
f 293 346 336
f 294 293 336
f 328 329 358
f 340 355 350
f 355 352 350
f 355 353 352
f 293 247 346
f 248 346 247
f 258 338 248
f 257 296 258
f 105 359 360
f 103 361 359
f 101 362 361
f 363 364 362
f 96 364 365
f 96 95 366
f 138 282 115
f 367 108 114
f 105 95 368
f 366 95 360
f 360 95 105
f 365 97 96
f 365 99 98
f 363 101 99
f 99 102 369
f 99 369 100
f 100 369 111
f 369 104 111
f 97 98 109
f 106 97 109
f 95 97 368
f 102 104 369
f 101 103 102
f 370 283 107
f 107 282 108
f 114 282 371
f 113 371 127
f 111 127 124
f 112 122 119
f 112 120 370
f 196 242 197
f 311 348 351
f 264 262 270
f 143 144 133
f 244 172 195
f 372 151 373
f 374 375 376
f 377 378 379
f 151 150 373
f 377 380 381
f 382 383 384
f 155 385 386
f 387 388 389
f 390 151 372
f 391 378 377
f 356 303 337
f 158 168 153
f 386 153 155
f 168 154 153
f 157 159 162
f 386 392 153
f 118 135 142
f 111 124 122
f 139 128 138
f 371 138 128
f 371 282 138
f 169 279 276
f 247 357 246
f 269 182 173
f 261 260 252
f 368 97 106
f 367 368 106
f 105 368 367
f 110 112 370
f 110 107 109
f 392 158 153
f 391 158 392
f 377 156 158
f 381 156 377
f 337 347 311
f 193 178 254
f 393 394 391
f 392 395 391
f 395 383 396
f 397 150 163
f 373 397 398
f 399 400 401
f 402 163 159
f 162 159 163
f 158 157 168
f 150 152 163
f 152 403 161
f 151 403 152
f 393 403 151
f 404 397 402
f 402 405 404
f 406 407 408
f 402 381 405
f 159 381 402
f 405 381 380
f 377 158 391
f 386 396 409
f 386 410 392
f 329 294 335
f 323 324 314
f 323 343 411
f 320 411 345
f 329 412 358
f 327 326 319
f 413 327 319
f 325 414 415
f 341 415 412
f 329 341 412
f 287 343 342
f 413 319 318
f 414 327 413
f 335 308 326
f 344 321 288
f 315 322 321
f 164 170 162
f 299 298 300
f 340 302 339
f 349 302 340
f 312 308 307
f 311 309 334
f 148 142 137
f 398 416 417
f 372 416 404
f 372 418 419
f 373 417 418
f 394 420 421
f 379 420 380
f 379 422 423
f 378 421 422
f 394 424 425
f 390 426 424
f 380 426 405
f 394 427 380
f 390 428 429
f 372 430 428
f 405 430 404
f 390 431 405
f 416 432 417
f 419 433 416
f 419 434 435
f 418 432 434
f 421 436 437
f 423 436 420
f 422 438 423
f 422 437 439
f 425 440 441
f 424 442 440
f 427 442 426
f 425 443 427
f 429 444 445
f 428 446 444
f 431 446 430
f 429 447 431
f 391 394 378
f 395 384 383
f 433 374 432
f 435 448 433
f 435 376 375
f 434 374 376
f 436 389 437
f 438 387 436
f 438 388 449
f 439 389 388
f 441 450 399
f 442 450 440
f 443 400 442
f 443 399 401
f 445 451 406
f 446 451 444
f 447 407 446
f 447 406 408
f 409 383 452
f 410 452 382
f 410 384 395
f 385 395 396
f 391 395 393
f 155 393 385
f 155 161 403
f 393 395 385
f 393 151 390
f 393 390 394
f 194 251 208
f 179 209 251
f 211 212 203
f 155 403 393
f 342 343 323
f 323 314 342
f 288 287 344
f 314 344 287
f 217 183 184
f 218 217 184
f 305 330 306
f 332 339 333
f 302 306 339
f 310 351 332
f 340 332 351
f 304 298 305
f 349 303 302
f 453 454 455
f 456 457 458
f 457 459 460
f 460 461 462
f 463 462 461
f 464 465 466
f 467 456 468
f 456 458 468
f 458 469 470
f 469 462 471
f 462 472 471
f 473 474 475
f 474 476 475
f 477 476 478
f 479 480 481
f 482 483 484
f 485 486 483
f 475 487 488
f 489 490 491
f 492 475 488
f 493 494 495
f 496 492 497
f 494 498 499
f 500 493 495
f 501 491 490
f 499 502 503
f 504 499 503
f 494 505 495
f 506 495 505
f 500 507 487
f 508 509 510
f 511 512 513
f 514 515 516
f 514 517 515
f 518 510 519
f 520 521 522
f 523 519 524
f 524 512 525
f 525 526 527
f 527 515 528
f 529 528 522
f 523 529 518
f 530 531 532
f 533 534 535
f 536 537 538
f 539 531 540
f 541 535 542
f 543 539 540
f 544 545 539
f 534 545 535
f 534 546 530
f 547 530 548
f 547 548 549
f 550 536 551
f 532 539 545
f 532 545 534
f 552 545 544
f 535 545 552
f 553 530 546
f 531 530 547
f 554 555 556
f 557 541 558
f 559 560 561
f 562 563 564
f 565 566 567
f 568 553 546
f 569 567 570
f 556 555 571
f 562 564 572
f 561 570 559
f 564 573 559
f 574 564 559
f 558 575 576
f 577 578 579
f 580 556 581
f 580 554 556
f 561 582 583
f 584 569 583
f 584 565 569
f 585 576 584
f 586 585 587
f 506 588 507
f 505 589 506
f 504 590 505
f 591 503 592
f 593 503 502
f 594 502 501
f 577 568 595
f 581 556 578
f 556 571 578
f 578 553 579
f 596 546 533
f 595 596 597
f 598 554 580
f 599 600 554
f 598 599 554
f 601 599 598
f 581 578 577
f 560 594 582
f 560 592 593
f 573 591 592
f 591 600 590
f 590 599 589
f 589 601 588
f 571 572 602
f 555 562 572
f 600 562 555
f 596 603 597
f 557 533 541
f 557 604 603
f 558 605 557
f 586 606 558
f 548 550 551
f 607 536 550
f 608 537 536
f 609 567 566
f 571 602 553
f 548 530 602
f 534 530 532
f 548 607 550
f 567 537 608
f 558 541 575
f 540 610 611
f 549 548 551
f 536 538 612
f 543 540 611
f 551 612 613
f 608 607 574
f 570 608 574
f 559 570 574
f 607 572 574
f 555 572 571
f 596 533 557
f 614 544 543
f 542 535 552
f 537 609 614
f 570 567 608
f 576 542 566
f 552 614 609
f 586 558 576
f 586 615 616
f 584 576 565
f 572 548 602
f 548 572 607
f 614 552 544
f 566 542 552
f 617 618 619
f 620 611 621
f 612 620 622
f 613 612 623
f 624 625 626
f 576 566 565
f 565 567 569
f 544 539 543
f 533 535 541
f 533 546 534
f 512 519 513
f 521 510 522
f 611 610 621
f 610 627 619
f 549 613 624
f 518 519 523
f 515 520 528
f 519 512 524
f 512 526 525
f 628 618 629
f 622 630 631
f 625 623 631
f 621 610 618
f 620 621 628
f 538 543 611
f 618 617 632
f 617 633 634
f 625 633 626
f 631 630 635
f 629 618 632
f 625 635 636
f 528 637 527
f 527 633 525
f 636 525 633
f 630 638 635
f 637 529 639
f 635 524 636
f 549 551 613
f 624 613 625
f 526 515 527
f 622 628 630
f 630 628 629
f 629 638 630
f 639 529 638
f 638 529 523
f 635 638 523
f 639 638 629
f 632 634 637
f 632 639 629
f 549 627 547
f 627 624 619
f 617 619 626
f 547 627 531
f 626 619 624
f 610 540 627
f 583 569 561
f 617 626 633
f 632 617 634
f 538 537 614
f 612 538 620
f 538 614 543
f 611 620 538
f 522 510 518
f 527 634 633
f 628 621 618
f 532 531 539
f 625 613 623
f 623 612 622
f 631 623 622
f 518 529 522
f 572 564 574
f 640 641 473
f 491 498 489
f 489 642 490
f 473 641 474
f 478 474 641
f 500 475 476
f 484 480 482
f 476 479 493
f 481 493 479
f 484 643 481
f 484 489 498
f 483 486 489
f 486 497 642
f 486 642 489
f 644 645 646
f 647 648 649
f 650 651 652
f 653 654 655
f 648 656 657
f 658 659 657
f 660 661 662
f 663 664 660
f 665 666 667
f 668 667 669
f 670 671 672
f 665 673 674
f 675 645 644
f 676 677 678
f 646 679 680
f 679 671 674
f 681 678 682
f 672 682 670
f 683 684 685
f 686 652 687
f 688 689 646
f 673 690 691
f 665 668 690
f 680 688 646
f 647 688 663
f 656 647 663
f 665 690 673
f 692 693 694
f 695 669 696
f 667 666 693
f 691 697 664
f 697 690 698
f 670 665 674
f 668 665 667
f 687 693 684
f 684 699 687
f 692 667 693
f 691 680 673
f 664 680 691
f 700 672 645
f 675 701 645
f 671 702 672
f 676 678 703
f 678 677 682
f 682 677 666
f 689 644 646
f 699 684 683
f 696 669 704
f 705 706 669
f 707 698 708
f 709 668 669
f 710 707 708
f 711 705 710
f 707 695 661
f 712 653 659
f 709 711 713
f 710 705 707
f 712 662 661
f 714 712 661
f 654 714 695
f 658 656 662
f 712 658 662
f 704 692 694
f 704 669 692
f 689 647 649
f 674 673 679
f 696 654 695
f 663 660 662
f 709 706 711
f 682 666 670
f 684 666 677
f 652 694 693
f 650 652 686
f 715 651 650
f 651 704 694
f 652 651 694
f 686 687 716
f 698 713 708
f 713 710 708
f 713 711 710
f 651 605 704
f 606 704 605
f 616 696 606
f 615 654 616
f 463 717 718
f 461 719 717
f 459 720 719
f 721 722 720
f 454 722 723
f 454 453 724
f 496 640 473
f 725 466 472
f 463 453 726
f 724 453 718
f 718 453 463
f 723 455 454
f 723 457 456
f 721 459 457
f 457 460 727
f 457 727 458
f 458 727 469
f 727 462 469
f 455 456 467
f 464 455 467
f 453 455 726
f 460 462 727
f 459 461 460
f 728 641 465
f 465 640 466
f 472 640 729
f 471 729 485
f 469 485 482
f 470 480 477
f 470 478 728
f 554 600 555
f 669 706 709
f 622 620 628
f 501 502 491
f 602 530 553
f 730 509 731
f 732 733 734
f 735 736 737
f 509 508 731
f 735 738 739
f 740 741 742
f 513 743 744
f 745 746 747
f 748 509 730
f 749 736 735
f 714 661 695
f 516 526 511
f 744 511 513
f 526 512 511
f 515 517 520
f 744 750 511
f 476 493 500
f 469 482 480
f 497 486 496
f 729 496 486
f 729 640 496
f 527 637 634
f 605 715 604
f 627 540 531
f 619 618 610
f 726 455 464
f 725 726 464
f 463 726 725
f 468 470 728
f 468 465 467
f 750 516 511
f 749 516 750
f 735 514 516
f 739 514 735
f 695 705 669
f 551 536 612
f 751 752 749
f 750 753 749
f 753 741 754
f 755 508 521
f 731 755 756
f 757 758 759
f 760 521 517
f 520 517 521
f 516 515 526
f 508 510 521
f 510 761 519
f 509 761 510
f 751 761 509
f 762 755 760
f 760 763 762
f 764 765 766
f 760 739 763
f 517 739 760
f 763 739 738
f 735 516 749
f 744 754 767
f 744 768 750
f 687 652 693
f 681 682 672
f 681 701 769
f 678 769 703
f 687 770 716
f 685 684 677
f 771 685 677
f 683 772 773
f 699 773 770
f 687 699 770
f 645 701 700
f 771 677 676
f 772 685 771
f 693 666 684
f 702 679 646
f 673 680 679
f 522 528 520
f 657 656 658
f 698 660 697
f 707 660 698
f 670 666 665
f 669 667 692
f 506 500 495
f 756 774 775
f 730 774 762
f 730 776 777
f 731 775 776
f 752 778 779
f 737 778 738
f 737 780 781
f 736 779 780
f 752 782 783
f 748 784 782
f 738 784 763
f 752 785 738
f 748 786 787
f 730 788 786
f 763 788 762
f 748 789 763
f 774 790 775
f 777 791 774
f 777 792 793
f 776 790 792
f 779 794 795
f 781 794 778
f 780 796 781
f 780 795 797
f 783 798 799
f 782 800 798
f 785 800 784
f 783 801 785
f 787 802 803
f 786 804 802
f 789 804 788
f 787 805 789
f 749 752 736
f 753 742 741
f 791 732 790
f 793 806 791
f 793 734 733
f 792 732 734
f 794 747 795
f 796 745 794
f 796 746 807
f 797 747 746
f 799 808 757
f 800 808 798
f 801 758 800
f 801 757 759
f 803 809 764
f 804 809 802
f 805 765 804
f 805 764 766
f 767 741 810
f 768 810 740
f 768 742 753
f 743 753 754
f 749 753 751
f 513 751 743
f 513 519 761
f 751 753 743
f 751 509 748
f 751 748 752
f 552 609 566
f 537 567 609
f 569 570 561
f 513 761 751
f 700 701 681
f 681 672 700
f 646 645 702
f 672 702 645
f 575 541 542
f 576 575 542
f 663 688 664
f 690 697 691
f 660 664 697
f 668 709 690
f 698 690 709
f 662 656 663
f 707 661 660
f 1 21 2
f 2 21 4
f 11 1 9
f 1 3 9
f 10 23 12
f 9 3 2
f 20 19 17
f 1 11 12
f 8 7 17
f 16 18 10
f 23 10 18
f 6 26 25
f 13 28 26
f 13 24 27
f 24 19 29
f 19 20 25
f 28 33 31
f 28 27 32
f 27 29 34
f 29 25 35
f 36 30 31
f 33 39 37
f 33 32 38
f 32 34 40
f 34 35 41
f 37 44 42
f 39 46 44
f 39 38 45
f 38 40 47
f 40 41 43
f 22 4 12
f 48 68 49
f 49 68 51
f 58 48 56
f 48 50 56
f 57 70 59
f 56 50 49
f 67 66 64
f 48 58 59
f 55 54 64
f 63 65 57
f 70 57 65
f 53 73 72
f 60 75 73
f 60 71 74
f 71 66 76
f 66 67 72
f 75 80 78
f 75 74 79
f 74 76 81
f 76 72 82
f 83 77 78
f 80 86 84
f 80 79 85
f 79 81 87
f 81 82 88
f 84 91 89
f 86 93 91
f 86 85 92
f 85 87 94
f 87 88 90
f 69 51 59
f 105 367 104
f 106 109 107
f 104 367 114
f 119 121 118
f 121 119 122
f 124 127 125
f 127 371 128
f 117 142 129
f 134 115 117
f 135 285 136
f 138 115 134
f 136 285 140
f 141 133 144
f 146 136 141
f 136 146 147
f 142 148 149
f 201 215 202
f 210 221 195
f 206 205 215
f 203 202 224
f 228 218 227
f 148 231 230
f 147 232 231
f 146 233 232
f 233 146 145
f 235 234 145
f 236 235 144
f 219 221 210
f 220 213 195
f 238 210 188
f 237 210 238
f 202 235 236
f 202 215 234
f 215 205 233
f 233 205 242
f 232 242 241
f 231 241 243
f 242 205 204
f 238 199 245
f 199 247 246
f 200 248 247
f 228 258 248
f 249 250 178
f 228 229 257
f 267 278 275
f 267 273 277
f 278 166 167
f 279 170 171
f 277 165 166
f 274 279 281
f 269 191 266
f 133 141 140
f 120 118 116
f 126 123 122
f 123 285 135
f 126 140 285
f 126 125 131
f 289 298 290
f 295 356 296
f 300 354 301
f 312 316 313
f 321 344 313
f 306 330 322
f 347 353 348
f 349 347 337
f 354 356 295
f 331 330 289
f 340 351 355
f 248 338 346
f 258 296 338
f 257 297 296
f 105 103 359
f 103 101 361
f 101 363 362
f 363 365 364
f 96 366 364
f 367 106 108
f 365 98 97
f 365 363 99
f 370 120 283
f 107 283 282
f 114 108 282
f 113 114 371
f 111 113 127
f 112 111 122
f 112 119 120
f 374 448 375
f 377 379 380
f 382 452 383
f 387 449 388
f 247 293 357
f 110 100 112
f 110 370 107
f 381 159 156
f 392 410 395
f 373 150 397
f 399 450 400
f 402 397 163
f 404 398 397
f 406 451 407
f 386 385 396
f 386 409 410
f 320 323 411
f 325 327 414
f 341 325 415
f 398 404 416
f 372 419 416
f 372 373 418
f 373 398 417
f 394 380 420
f 379 423 420
f 379 378 422
f 378 394 421
f 394 390 424
f 390 405 426
f 380 427 426
f 394 425 427
f 390 372 428
f 372 404 430
f 405 431 430
f 390 429 431
f 416 433 432
f 419 435 433
f 419 418 434
f 418 417 432
f 421 420 436
f 423 438 436
f 422 439 438
f 422 421 437
f 425 424 440
f 424 426 442
f 427 443 442
f 425 441 443
f 429 428 444
f 428 430 446
f 431 447 446
f 429 445 447
f 433 448 374
f 435 375 448
f 435 434 376
f 434 432 374
f 436 387 389
f 438 449 387
f 438 439 388
f 439 437 389
f 441 440 450
f 442 400 450
f 443 401 400
f 443 441 399
f 445 444 451
f 446 407 451
f 447 408 407
f 447 445 406
f 409 396 383
f 410 409 452
f 410 382 384
f 463 725 462
f 464 467 465
f 462 725 472
f 477 479 476
f 479 477 480
f 482 485 483
f 485 729 486
f 475 500 487
f 492 473 475
f 493 643 494
f 496 473 492
f 494 643 498
f 499 491 502
f 504 494 499
f 494 504 505
f 500 506 507
f 559 573 560
f 568 579 553
f 564 563 573
f 561 560 582
f 586 576 585
f 506 589 588
f 505 590 589
f 504 591 590
f 591 504 503
f 593 592 503
f 594 593 502
f 577 579 568
f 578 571 553
f 596 568 546
f 595 568 596
f 560 593 594
f 560 573 592
f 573 563 591
f 591 563 600
f 590 600 599
f 589 599 601
f 600 563 562
f 596 557 603
f 557 605 604
f 558 606 605
f 586 616 606
f 607 608 536
f 586 587 615
f 625 636 633
f 625 631 635
f 636 524 525
f 637 528 529
f 635 523 524
f 632 637 639
f 627 549 624
f 491 499 498
f 478 476 474
f 484 481 480
f 481 643 493
f 484 498 643
f 484 483 489
f 647 656 648
f 653 714 654
f 658 712 659
f 670 674 671
f 679 702 671
f 664 688 680
f 705 711 706
f 707 705 695
f 712 714 653
f 689 688 647
f 698 709 713
f 606 696 704
f 616 654 696
f 615 655 654
f 463 461 717
f 461 459 719
f 459 721 720
f 721 723 722
f 454 724 722
f 725 464 466
f 723 456 455
f 723 721 457
f 728 478 641
f 465 641 640
f 472 466 640
f 471 472 729
f 469 471 485
f 470 469 480
f 470 477 478
f 732 806 733
f 735 737 738
f 740 810 741
f 745 807 746
f 605 651 715
f 468 458 470
f 468 728 465
f 739 517 514
f 750 768 753
f 731 508 755
f 757 808 758
f 760 755 521
f 762 756 755
f 764 809 765
f 744 743 754
f 744 767 768
f 678 681 769
f 683 685 772
f 699 683 773
f 756 762 774
f 730 777 774
f 730 731 776
f 731 756 775
f 752 738 778
f 737 781 778
f 737 736 780
f 736 752 779
f 752 748 782
f 748 763 784
f 738 785 784
f 752 783 785
f 748 730 786
f 730 762 788
f 763 789 788
f 748 787 789
f 774 791 790
f 777 793 791
f 777 776 792
f 776 775 790
f 779 778 794
f 781 796 794
f 780 797 796
f 780 779 795
f 783 782 798
f 782 784 800
f 785 801 800
f 783 799 801
f 787 786 802
f 786 788 804
f 789 805 804
f 787 803 805
f 791 806 732
f 793 733 806
f 793 792 734
f 792 790 732
f 794 745 747
f 796 807 745
f 796 797 746
f 797 795 747
f 799 798 808
f 800 758 808
f 801 759 758
f 801 799 757
f 803 802 809
f 804 765 809
f 805 766 765
f 805 803 764
f 767 754 741
f 768 767 810
f 768 740 742
